15 38
0 1000
1 1000
2 1000
3 1000
4 1000
5 1000
6 1000
7 1000
8 1000
9 1000
10 1000
11 1000
12 1000
13 1000
14 1000
D 0 0 500
W 1 0 200
T 2 3 1500
D 4 0 300
T 1 0 250
W 3 0 300
D 2 0 100
T 4 1 600
T 5 6 400
T 6 5 300
D 7 0 350
W 8 0 200
T 9 10 500
D 11 0 700
T 12 13 800
T 13 12 100
T 2 5 999
T 5 2 999
W 6 0 1100
T 0 1 90
T 1 0 90
T 10 4 250
T 3 14 500
D 14 0 450
W 13 0 300
T 12 7 600
T 7 11 450
D 11 0 200
T 9 8 350
T 8 9 150
T 4 0 100
T 0 4 100
T 1 2 750
T 2 1 50
W 0 0 1000
D 5 0 600
T 6 5 400
T 6 2 300
